|              | NetBSD-4.0 | NetBSD-4.0.1 | NetBSD-5.0 | NetBSD-5.0.1 | NetBSD-5.0.2 | NetBSD-5.1 | NetBSD-5.1.2 |
| NetBSD-4.0   |       1986 |            1 |          0 |            0 |            0 |          0 |            0 |
| NetBSD-4.0.1 |          1 |         1986 |          0 |            0 |            0 |          0 |            0 |
| NetBSD-5.0   |          0 |            0 |       1792 |            0 |            0 |          0 |            0 |
| NetBSD-5.0.1 |          0 |            0 |          0 |         1792 |            0 |          0 |            0 |
| NetBSD-5.0.2 |          0 |            0 |          0 |            0 |         1779 |          0 |            0 |
| NetBSD-5.1   |          0 |            0 |          0 |            0 |            0 |       1792 |           10 |
| NetBSD-5.1.2 |          0 |            0 |          0 |            0 |            0 |         10 |         1792 |



| OS-kernels      |     PGD |     KDI |  DISASS |   SCAN |
| Win-XP          | 43.860% | 20.404% | 34.081% | 1.654% |
| Win-XP(sp2)     | 38.679% | 16.981% | 42.718% | 1.621% |
| Win-XP(sp3)     | 36.664% | 17.590% | 44.081% | 1.665% |
| Win-Vista       | 10.244% | 28.085% | 58.542% | 3.128% |
| Win-7           | 27.395% | 46.398% | 24.866% | 1.341% |
| Win-2003        | 31.996% | 14.513% | 51.511% | 1.980% |
| Win-2003(sp2)   | 32.474% | 15.988% | 49.598% | 1.940% |
| Win-2008        |  5.947% | 30.809% | 59.871% | 3.372% |
| Win-2008(sp2)   | 16.921% | 32.266% | 48.103% | 2.709% |
| FreeBSD-7.4     | 20.628% |  5.315% | 71.017% | 3.039% |
| FreeBSD-8.0     | 18.692% |  4.797% | 73.389% | 3.122% |
| FreeBSD-8.2     | 18.432% |  5.184% | 73.310% | 3.074% |
| FreeBSD-8.3     | 16.241% |  4.977% | 75.774% | 3.008% |
| FreeBSD-9.0     | 15.489% |  4.704% | 76.541% | 3.266% |
| OpenBSD-4.7     | 15.076% |  3.228% | 79.174% | 2.523% |
| OpenBSD-4.8     | 17.005% |  4.473% | 75.362% | 3.160% |
| OpenBSD-4.9     | 16.745% |  4.396% | 75.664% | 3.195% |
| OpenBSD-5       | 16.702% |  4.772% | 75.364% | 3.162% |
| OpenBSD-5.1     | 16.591% |  5.077% | 75.149% | 3.182% |
| NetBSD-4.0      | 22.455% |  4.676% | 69.358% | 3.511% |
| NetBSD-4.0.1    | 22.817% |  4.647% | 69.063% | 3.473% |
| NetBSD-5.0      | 20.087% |  4.664% | 71.841% | 3.408% |
| NetBSD-5.0.1    | 20.115% |  4.618% | 71.861% | 3.405% |
| NetBSD-5.0.2    | 20.057% |  4.666% | 71.888% | 3.388% |
| NetBSD-5.1      | 19.444% |  4.882% | 72.250% | 3.423% |
| NetBSD-5.1.2    | 19.623% |  4.589% | 72.354% | 3.435% |
| Linux-2.6.26    |  4.671% | 64.173% | 29.668% | 1.488% |
| Linux-2.6.27    |  4.173% | 63.339% | 30.960% | 1.528% |
| Linux-2.6.28    |  3.843% | 62.644% | 31.954% | 1.559% |
| Linux-2.6.28.1  |  4.125% | 48.171% | 45.833% | 1.870% |
| Linux-2.6.28.2  |  4.235% | 47.800% | 46.098% | 1.866% |
| Linux-2.6.29    |  4.196% | 61.639% | 32.555% | 1.610% |
| Linux-2.6.30    |  4.195% | 62.197% | 32.007% | 1.602% |
| Linux-2.6.31    |  5.390% | 44.215% | 48.462% | 1.933% |
| Linux-2.6.32.27 |  5.091% | 43.078% | 49.912% | 1.918% |
| Linux-2.6.33    |  2.813% | 43.836% | 51.331% | 2.020% |
| Linux-2.6.34    |  2.732% | 43.541% | 51.709% | 2.018% |
| Linux-2.6.35    |  1.495% | 44.066% | 52.376% | 2.063% |
| Linux-2.6.36    |  1.363% | 43.904% | 52.651% | 2.083% |
| Linux-2.6.36.1  |  3.368% | 46.167% | 48.574% | 1.892% |
| Linux-2.6.36.2  |  6.388% | 38.348% | 53.183% | 2.082% |
| Linux-2.6.36.3  |  6.324% | 38.497% | 53.085% | 2.093% |
| Linux-2.6.36.4  |  6.994% | 38.113% | 52.813% | 2.080% |
| Linux-3.0.0     |  1.358% | 42.217% | 54.614% | 1.811% |
| Linux-3.0.4     |  1.811% | 46.086% | 50.213% | 1.890% |
